{
 "cells": [
  {
   "cell_type": "code",
   "execution_count": 1,
   "metadata": {},
   "outputs": [],
   "source": [
    "import numpy as np"
   ]
  },
  {
   "cell_type": "code",
   "execution_count": 4,
   "metadata": {},
   "outputs": [],
   "source": [
    "A = np.array([\n",
    "    [1, -1, 2],\n",
    "    [3, 2, 2],\n",
    "    [4, 1, 2]\n",
    "])\n",
    "\n",
    "B = np.random.rand(3, 3)  # A는 원하는 값, B는 랜덤한 값을 넣었음."
   ]
  },
  {
   "cell_type": "code",
   "execution_count": 5,
   "metadata": {},
   "outputs": [
    {
     "data": {
      "text/plain": [
       "array([[ 1, -1,  2],\n",
       "       [ 3,  2,  2],\n",
       "       [ 4,  1,  2]])"
      ]
     },
     "execution_count": 5,
     "metadata": {},
     "output_type": "execute_result"
    }
   ],
   "source": [
    "A"
   ]
  },
  {
   "cell_type": "code",
   "execution_count": 6,
   "metadata": {},
   "outputs": [
    {
     "data": {
      "text/plain": [
       "array([[0.06991044, 0.28829286, 0.25509582],\n",
       "       [0.70589311, 0.58736454, 0.53372973],\n",
       "       [0.80193738, 0.44338859, 0.19763449]])"
      ]
     },
     "execution_count": 6,
     "metadata": {},
     "output_type": "execute_result"
    }
   ],
   "source": [
    "B"
   ]
  },
  {
   "cell_type": "code",
   "execution_count": 7,
   "metadata": {},
   "outputs": [
    {
     "data": {
      "text/plain": [
       "array([[ 1.06991044, -0.71170714,  2.25509582],\n",
       "       [ 3.70589311,  2.58736454,  2.53372973],\n",
       "       [ 4.80193738,  1.44338859,  2.19763449]])"
      ]
     },
     "execution_count": 7,
     "metadata": {},
     "output_type": "execute_result"
    }
   ],
   "source": [
    "# 둘 다 3x3행렬임.\n",
    "A + B  # 두 행렬의 합"
   ]
  },
  {
   "cell_type": "code",
   "execution_count": 8,
   "metadata": {},
   "outputs": [
    {
     "data": {
      "text/plain": [
       "array([[ 5, -5, 10],\n",
       "       [15, 10, 10],\n",
       "       [20,  5, 10]])"
      ]
     },
     "execution_count": 8,
     "metadata": {},
     "output_type": "execute_result"
    }
   ],
   "source": [
    "5 * A  # 스칼라곱"
   ]
  },
  {
   "cell_type": "code",
   "execution_count": 9,
   "metadata": {},
   "outputs": [
    {
     "data": {
      "text/plain": [
       "array([[0.96789208, 0.58770549, 0.11663507],\n",
       "       [3.2253923 , 2.92638484, 2.22801588],\n",
       "       [2.58940962, 2.62731315, 1.94938197]])"
      ]
     },
     "execution_count": 9,
     "metadata": {},
     "output_type": "execute_result"
    }
   ],
   "source": [
    "np.dot(A, B)  # 행렬곱"
   ]
  },
  {
   "cell_type": "code",
   "execution_count": 10,
   "metadata": {},
   "outputs": [
    {
     "data": {
      "text/plain": [
       "array([[0.96789208, 0.58770549, 0.11663507],\n",
       "       [3.2253923 , 2.92638484, 2.22801588],\n",
       "       [2.58940962, 2.62731315, 1.94938197]])"
      ]
     },
     "execution_count": 10,
     "metadata": {},
     "output_type": "execute_result"
    }
   ],
   "source": [
    "A @ B  # 쉬운 행렬곱 method"
   ]
  },
  {
   "cell_type": "code",
   "execution_count": 11,
   "metadata": {},
   "outputs": [
    {
     "data": {
      "text/plain": [
       "array([[2.10771296, 0.16429121, 2.6268267 ],\n",
       "       [7.63717853, 6.10111393, 5.29547533],\n",
       "       [8.19328438, 4.51409033, 4.34465095]])"
      ]
     },
     "execution_count": 11,
     "metadata": {},
     "output_type": "execute_result"
    }
   ],
   "source": [
    "A @ B + (A + 2 * B)  # 여러 연산을 섞어서도 가능함. 일반적인 수학 연산의 순서로 진행됨."
   ]
  },
  {
   "cell_type": "code",
   "execution_count": null,
   "metadata": {},
   "outputs": [],
   "source": []
  }
 ],
 "metadata": {
  "kernelspec": {
   "display_name": "Python 3",
   "language": "python",
   "name": "python3"
  },
  "language_info": {
   "codemirror_mode": {
    "name": "ipython",
    "version": 3
   },
   "file_extension": ".py",
   "mimetype": "text/x-python",
   "name": "python",
   "nbconvert_exporter": "python",
   "pygments_lexer": "ipython3",
   "version": "3.8.2"
  }
 },
 "nbformat": 4,
 "nbformat_minor": 4
}
